End of iter 0
11
13
11
12
14
12
12
11
12
12
11
20
14
20
14
13
11
12
18
12
12
11
12
End of iter 1
11
13
12
12
11
12
12
12
12
11
20
14
20
13
13
11
12
17
12
12
11
End of iter 2
11
13
11
12
11
11
12
12
11
11
20
15
17
13
13
11
12
16
12
12
End of iter 3
11
13
11
12
11
11
12
12
11
11
20
14
17
13
13
11
12
16
End of iter 4
11
13
11
12
11
11
12
12
11
11
20
13
17
13
12
11
12
End of iter 5
11
11
11
12
11
11
12
12
12
11
20
13
17
13
12
11
End of iter 6
11
11
11
12
11
11
12
12
12
11
18
13
17
13
12
End of iter 7
11
11
11
12
11
11
12
12
12
11
18
14
17
13
End of iter 8
12
11
12
11
11
11
11
12
12
11
18
14
17
End of iter 9
12
11
11
11
11
11
11
12
12
11
18
14
End of iter 10
12
11
11
11
11
11
11
12
12
11
18
End of iter 11
12
11
11
11
11
11
11
12
12
11
End of iter 12
12
11
11
11
11
11
11
12
12
End of iter 13
12
11
11
12
11
11
11
11
End of iter 14
12
11
11
12
11
11
11
End of iter 15
12
12
11
12
12
11
End of iter 16
12
12
11
12
12
