End of iter 0
11
22
11
12
14
19
22
19
16
19
11
13
11
16
End of iter 1
11
22
11
12
14
19
18
16
19
11
13
11
13
13
18
End of iter 2
11
22
11
12
14
19
18
16
19
11
13
11
13
13
18
End of iter 3
11
20
11
12
14
18
16
11
13
11
13
13
18
14
17
15
21
End of iter 4
11
14
11
12
14
17
16
11
12
11
13
13
18
15
15
21
22
17
16
End of iter 5
11
14
11
12
14
17
16
11
12
11
13
12
12
20
16
16
19
End of iter 6
11
14
11
12
14
16
16
11
11
11
12
12
12
20
15
19
14
17
15
16
End of iter 7
11
14
11
12
14
16
12
11
11
12
12
11
20
15
19
14
15
16
15
End of iter 8
11
13
11
12
14
16
12
11
11
12
12
11
20
14
19
15
16
15
13
11
12
End of iter 9
11
13
11
12
14
12
12
11
12
12
11
20
14
19
14
16
14
13
11
12
18
12
12
