End of iter 0
17
21
12
19
22
21
24
18
19
16
19
22
22
16
20
23
22
22
14
21
23
14
23
22
End of iter 1
17
21
12
18
22
21
18
19
16
18
22
22
16
20
23
22
22
14
21
23
14
21
15
19
14
End of iter 2
17
21
12
18
22
14
17
19
16
18
16
22
16
20
23
22
14
21
14
21
15
18
14
22
20
End of iter 3
17
12
13
14
17
19
16
18
16
20
16
16
21
14
21
14
15
18
14
22
18
22
22
21
End of iter 4
17
12
13
14
17
19
16
18
16
20
16
16
21
14
21
14
15
12
18
22
21
16
19
16
15
End of iter 5
12
13
14
17
19
16
18
15
20
16
16
16
14
21
13
16
12
18
20
21
16
16
15
22
22
16
End of iter 6
12
13
14
17
19
15
18
15
20
15
16
16
14
20
13
16
12
18
20
16
16
15
21
16
14
End of iter 7
12
13
14
17
19
14
18
15
20
15
16
14
20
13
16
12
14
20
16
15
21
16
14
15
15
End of iter 8
12
13
14
17
18
14
18
15
15
16
14
20
13
16
12
14
20
15
21
15
14
15
13
13
19
16
14
20
18
End of iter 9
12
13
14
15
17
14
17
15
15
15
14
20
13
14
12
14
20
15
15
14
15
13
13
19
14
20
14
15
13
16
15
17
15
13
17
