End of iter 0
12
13
14
15
16
13
15
13
15
14
20
13
14
12
14
19
15
15
14
15
13
13
18
14
20
14
14
15
17
15
13
21
18
20
20
15
16
End of iter 1
12
13
14
15
16
13
15
13
15
14
20
13
14
12
14
19
15
15
14
15
13
13
15
14
20
14
14
13
17
15
13
21
18
20
18
15
16
18
End of iter 2
12
13
15
15
16
13
15
13
15
14
19
13
14
12
14
19
15
15
14
15
13
13
15
13
20
14
14
13
16
15
13
19
18
20
18
15
16
17
14
End of iter 3
12
13
13
15
16
13
15
13
15
14
19
13
14
12
14
19
15
15
13
15
13
14
15
13
20
14
14
13
16
15
13
19
18
20
18
15
16
17
14
End of iter 4
12
13
13
15
15
13
15
13
15
14
19
13
13
13
14
19
15
15
13
15
13
14
15
13
20
13
14
13
16
15
13
19
17
20
18
14
16
17
14
13
End of iter 5
12
13
13
15
15
13
15
13
15
14
19
13
13
13
14
19
14
15
13
15
13
14
15
13
20
13
14
13
16
15
13
19
17
20
18
15
16
17
14
13
15
End of iter 6
12
13
13
14
15
13
15
13
15
13
19
13
13
13
14
17
14
15
13
15
13
14
14
13
20
13
14
13
16
15
13
16
17
20
17
14
16
13
14
13
15
16
End of iter 7
12
13
13
14
15
13
15
13
15
13
20
13
13
13
16
15
14
15
13
15
13
14
14
13
20
14
13
16
15
13
16
17
20
17
14
15
13
14
13
15
16
14
End of iter 8
12
13
13
14
15
13
15
13
15
13
20
13
13
13
14
15
14
15
13
15
13
13
14
13
20
14
13
16
15
13
16
17
20
17
14
15
13
14
13
15
16
14
14
End of iter 9
12
13
13
14
15
13
15
13
15
13
20
13
13
13
14
14
14
14
13
15
12
13
14
12
20
14
13
16
15
13
16
16
20
17
14
13
13
14
13
15
15
14
14
14
End of iter 10
12
13
13
14
14
13
15
13
15
13
19
13
13
13
13
14
14
14
13
15
12
13
14
12
20
14
13
16
15
13
16
16
20
17
14
13
13
14
13
15
14
14
14
14
End of iter 11
12
13
13
14
14
13
14
13
15
13
19
13
13
13
13
14
14
14
13
15
12
13
14
12
20
14
13
15
15
13
16
16
19
17
14
13
14
14
13
15
14
14
14
14
13
End of iter 12
12
13
13
14
14
14
14
13
15
13
19
13
13
13
13
14
14
14
13
15
12
13
14
12
20
14
13
15
15
13
16
16
19
14
14
13
14
14
13
15
14
14
14
14
13
13
