End of iter 1
10
11
5
End of iter 2
9
11
5
7
8
End of iter 3
9
6
5
7
7
End of iter 4
9
6
5
6
7
End of iter 5
9
6
5
6
7
7
6
End of iter 6
9
6
5
6
7
6
6
6
6
7
6
End of iter 7
8
6
5
6
7
6
6
6
6
7
6
End of iter 8
8
6
5
6
7
6
6
6
6
6
6
6
6
6
End of iter 9
8
6
5
6
7
6
6
6
6
6
6
6
End of iter 10
6
6
5
6
5
6
6
6
6
6
6
6
End of iter 11
6
6
5
6
5
6
6
6
6
6
6
6
7
6
6
6
End of iter 12
6
6
5
6
5
6
6
6
6
6
7
6
6
5
6
6
End of iter 13
6
6
5
6
5
6
6
7
6
6
6
6
6
6
6
6
6
6
6
7
End of iter 14
6
6
5
6
5
6
6
7
6
6
6
6
6
6
6
6
6
6
6
6
6
7
End of iter 15
5
6
6
5
6
6
7
6
6
6
6
6
6
6
6
6
6
6
6
6
7
6
7
6
6
6
6
6
6
6
6
6
End of iter 16
5
6
6
5
6
6
6
6
6
6
6
6
6
6
6
6
6
7
6
7
6
6
6
6
6
6
6
6
6
6
7
6
End of iter 17
5
6
6
7
6
6
6
6
6
6
6
6
6
5
6
7
6
6
6
6
6
6
5
6
6
6
6
6
6
6
6
6
6
6
6
5
End of iter 18
5
6
7
7
6
6
6
6
6
6
6
6
6
5
6
6
6
6
5
6
6
6
5
6
6
5
6
6
6
6
5
6
6
7
6
6
6
6
End of iter 19
5
6
7
7
6
6
6
5
6
6
6
6
6
6
6
5
6
5
6
6
5
6
6
6
7
7
6
6
6
7
6
6
7
6
6
6
6
End of iter 20
5
6
7
7
6
6
6
5
6
6
6
6
6
6
6
6
6
5
6
6
6
6
6
6
6
7
6
6
5
6
6
6
6
6
7
8
6
7
6
End of iter 21
5
6
7
7
6
5
6
6
6
6
6
6
6
7
5
6
6
6
6
6
6
5
6
5
6
6
7
8
6
7
6
6
6
7
7
6
7
6
6
7
7
7
6
6
End of iter 22
5
6
7
7
6
5
6
6
6
6
6
6
7
5
6
6
6
5
6
6
6
6
6
6
7
6
6
6
7
7
6
7
6
6
7
5
7
6
7
7
7
6
7
6
7
6
6
6
7
6
7
8
7
7
8
8
8
End of iter 23
5
6
6
7
5
6
5
6
6
6
6
7
6
6
6
6
6
6
6
6
6
6
6
5
7
7
7
6
5
5
6
7
7
6
6
6
6
7
6
7
8
7
6
7
6
7
7
7
8
6
6
7
6
6
5
7
7
7
6
7
6
End of iter 24
5
6
6
7
5
6
5
6
6
6
6
6
6
5
6
5
6
6
6
6
6
5
7
7
6
5
6
7
6
7
7
6
7
6
7
7
7
5
6
6
6
6
7
7
7
6
7
6
7
7
6
8
7
5
6
7
7
8
6
6
7
7
8
7
7
6
7
5
7
7
End of iter 25
5
6
6
6
5
5
6
6
6
6
6
6
5
6
6
6
6
7
6
6
6
7
7
6
7
6
7
7
7
5
6
6
6
6
7
6
6
7
5
7
6
7
7
6
5
6
8
6
6
7
5
7
6
7
7
6
6
7
8
6
7
7
7
7
8
6
6
7
8
End of iter 26
5
6
6
6
5
5
6
6
6
6
6
5
6
6
6
7
6
6
6
7
7
6
7
6
7
7
5
6
6
6
6
6
7
7
6
7
7
6
5
8
5
6
7
7
6
7
6
6
7
6
6
7
7
7
8
6
6
7
8
7
7
6
7
7
8
6
6
6
End of iter 27
5
6
6
6
5
6
6
6
6
6
6
6
6
7
5
6
7
7
7
6
7
7
5
6
5
6
6
7
7
6
7
6
5
6
7
6
7
5
6
7
6
6
7
6
8
5
8
7
6
7
7
8
6
6
6
6
9
6
7
6
8
7
5
8
6
6
