End of iter 1
37
72
23
End of iter 2
37
72
23
End of iter 3
37
72
23
End of iter 4
37
72
23
38
71
End of iter 5
37
72
23
38
71
End of iter 6
37
72
23
38
71
End of iter 7
37
72
23
38
71
69
39
End of iter 8
37
72
23
38
71
69
39
40
39
39
End of iter 9
37
72
23
38
71
69
39
39
39
39
38
70
End of iter 10
37
72
23
38
71
69
39
39
39
39
38
62
40
39
68
38
End of iter 11
37
72
23
38
71
69
39
39
39
39
38
62
40
37
68
38
38
70
70
38
71
40
End of iter 12
37
72
23
38
71
69
39
39
39
39
38
62
40
37
68
38
39
70
69
39
71
40
70
71
60
71
61
69
41
70
59
68
End of iter 13
37
72
23
38
71
69
39
39
39
39
38
62
40
37
68
38
39
70
69
39
71
40
70
52
60
46
47
62
43
70
39
48
38
69
38
39
70
68
59
69
69
40
70
60
67
70
71
70
69
58
End of iter 14
37
72
23
38
71
69
39
39
39
39
38
62
40
37
68
38
39
70
69
39
71
40
70
52
60
46
47
62
43
70
39
48
41
65
37
39
71
68
52
69
38
40
70
36
49
70
72
62
39
58
39
59
70
70
57
69
67
71
69
36
71
71
56
55
39
67
70
63
68
68
69
40
56
69
68
61
71
40
41
57
70
56
70
End of iter 15
37
72
23
38
71
69
39
39
39
39
38
62
40
37
68
38
39
70
69
39
71
40
70
52
60
46
47
62
43
70
39
48
41
65
37
39
71
68
52
69
38
40
70
36
49
70
72
62
39
58
39
45
41
70
48
61
56
71
68
41
71
62
48
55
39
59
55
63
68
55
69
40
56
45
68
46
71
40
36
57
66
56
46
72
36
68
46
66
70
71
69
68
37
69
72
38
69
68
40
69
