10001011
00101010
00110110
10111111
11010110
10110111
00001010
11101001
11101010
00110110
00111000
01010011
11010100
01110110
11110011
10101100
00010100
01001100
10010011
11101110
10110111
11110111
10100111
10101100
01111010
01101000
00111110
11100101
00111101
01111110
01110111
00110100
00101011
01100010
01001000
00010011
00101010
00000100
10001011
11000110
01010010
00010010
10001011
10001000
01011010
11010000
11001110
11010000
01000110
00000101
01100001
11111100
00010110
11001101
11001110
00001111
10100101
01001110
00101010
00100011
10110111
01100111
10011011
00010000
10010101
00101011
00101111
01110110
10111110
11011110
01101100
01000000
01110000
00110101
11000101
00000000
00111111
00100001
11110111
01101110
10100111
10011010
01000101
00000101
11010010
11110010
10010110
10010101
00110101
11001010
10101001
11111010
00100101
11000010
11010101
10001000
00111100
01011000
01000100
01010100
