1100001100111000
1010010001110011
0101101101011111
0001011101101110
0000001000000110
0000001101110100
0101010101011100
0111010101101010
0111101000100111
1110001111111101
1011010000100001
1111101010111100
0010011111011111
1010000000011000
0000011111001011
1001011100001011
1111001100011011
0111101100101101
0011011110111010
0101111000100001
1000010001000100
0110110001100000
0001110001011110
0000111100110010
1001011010101011
0100000001011001
1101111000110110
1010101110100011
1100011100101110
1010010011011001
0101101001011000
0010100111000011
0000100000001110
1001110110110000
1100001011011001
1101011000010110
1100011001010011
1010000100100101
0110110011110010
0010100111010001
0110101110000010
1011111011010100
0011010010101010
1010001110001001
0101011011001010
0000011000110110
1010000111100000
1011000101111000
1111100111100000
1110011111011100
0001011111111010
0011011001001010
1111001011000101
0111010100101110
1001101011010101
1010001110000100
0010001000110010
0011111011110011
0011100101011100
1010101111111111
0010111100011011
0010111011010011
1011000000011010
1100110000100001
0100010011011110
1100000111100000
0101000000100001
0011111101000011
1110100101110001
1000011101111111
0100100111000101
0111110110110101
1110110111111011
1111100011100110
0100010000011011
0100001010000111
1111011010110011
0111111111000001
0001100110010011
0101111011101011
1000001000110001
0101011111111111
0000110000011001
0100111000110001
0001001110101110
0010001001101100
0000010101010110
1001100110010001
1001011001101001
1010010010011001
0101111111100000
1111010111100011
1010010011001011
0101001001011010
1110011101010001
1001111110010101
1011111101110010
0101011000010010
0101100101100101
0100100101100100
