10000011101000110000100000000011011000110110000010010001010010000011010001000101100101010001111010010110110101010001010111010010110111100101010101010111010101010110000010000001101110100100111011111011101111001001000001110011000110010111100100010111000001100101001101001111110111100010111101111010110010011100000101100101101000000000010101100010011110011101000101011001111110000111011110111000111000110101001010000000001111100110111011111000010000100000110101111011010100111010101100111110010110111100001101001011
10011011010010011001110110100110000001000010101011001000111100011010110000101110000010001011101111101110100001001000100010110101011001110000101001100000011000101010001000111011011111101000010000010001001010101011110000011101100111000001011000010001000100010010111111111001100000110101100000011110100001001000010101010101001111001100100001110011101010001110100000001000010101010011100010001011011100011111010100010010011111000101010111001001000011000111111111001000100001011101100101100001100011111010100001000000
01110110101100010100111110100110001110000010010001101110000001101111000001000101011111100111001000010010110000001010101111100101100100010100001100001111111110000111011010101010001110011001011101010101001101000000001100001001110011111100010001001100110101000101001010101111010011101010000011001110111100010111110101101110001100011110010100011010000001111001010111110111010110110101110100011011101111100000101111010101110100000001000100011110000111111000011110001101010001111000110111000001011110011101010100100011
11110101011010111110000001101011001110001100001111010101101111111100000000000100000100010101110010000111111110001111001010000000110011100011110000011000001011110001010010110011000001001000100011001001101100100000111011100101100111100011010000000010110111100010000110001000010100011100110100000111010001001100101110110110000011111001110001100010001010001111111100000000010011001111101000010100000011010000110100000101001010111001110000011111101111000100111100101101101111011011111011111011010111001100110110110011
11100000111001000000100011111111100111001001011011011101001010000011110100011001101000110110110100100100100110101100001010100100110010110111101010110001101010010000001101111111010011100111101110011000000101001001011101000010110101010010011100001100010111100001011011000101000010010110010000000100110000111011001000000100001000001011001111000011101111110001011100010100111010100111000000010010011110010000110101110001101100100100001101001001110100100000011000110010100110000010100111110100000101100111001111111000
00111011101001011101001101000110111011001010110010000111101011010111100000110110001000011011111110111001000111101110110010000100010100100100110011010110001011100011001110100100100001011100100010101101010001111001111100110100110011011000111101001110000010110011101110101010001001111111111010010010000000100101000100111001011011110011111100010011001101001110011001000000110110101000011000001100001101101001101010100001001011111110100011110001011100100101100000110111100101111010001101000110100010100000010111111111
00001011101100110011101011010011111111111001010010011110101011110111011001100010011010101110001111100001000010111100000100110111110000011011011011011110010110010000111111110111011100101000011001000001001110100110110110111001000000011111101001010011001111011110010000111110110000101001110100100000111101010011000100100010100101110111010000001110100111111010111001110100111110001010101000000010011110001110010110111001111110100100101100100011011011000101100101011110001000011101110101101010011100101011110011000110
01010110100000100100110001010001110000110111001110001010100000000110011111011001011010110010001000100001000000001101001111000100011000101110001010111010111010010011000100111001100110101110001111111011001100010000110010000000101100111111001000111100110100101111011110010101100010110100101111010100010110010110101000011110010111111100101000010000001110100010011010010011111001000010001111001101011110101101110110010010010001000110011100010000101011011001110001100011011101110001010000100100000000000011101110110110
11000000100100010010011100001001000111000001100011101111100010111001011100010111011110101010111111010100010100000010100011111010110000110011111101100001110101010000011000000110100100111000011010000101110000110000110111110111111100100000011011101010001001111001000001000000111110101101000011000010000111000100111110110100011011111110101100001001010010100111111101110000110111110101110000010110010101101001100101011100001110110101010000011111100100001000101101100001111010111100100011111100111101110001001100001110
11001001001100110110011111110010011100010010100001001111110001110110110111110101011000001110101101000010101100101100101110111100111111100001110000001110110111111101011111001000011011110101110001101010101110101111000000001010110111111011001100011001000101000001011110100000011111110001111100010100110011110111100011110111001111000110110101100100000110011101001011101000000100111110000100101100100111010110101100111010010101110011110010100010001001110101000010000101100001001011100111101101100101010001001011011101
11111010000010110011011000001000110110010010001001101011001101100111001100011101001001100011001010101001100101011011111010000001101100010101100001100011101110101000110010000001000100011101111000111110111111100000100110011111001110111111000000011110010010111010100101100011100100010011000111101100100111101111111010110100011000011111000110101101000101000000110011000111111110100000111000010110010100011000011100101110100110110111101100011110010110001100110000101111001000001011110001000010001001111100100110011000
11011101001011011100001101100101110010110100100111111011101000111001000100011101001001000101010011010001000110111001010011101001111101111111000010000100101110000000001101001110111011101110000101010000100110111101101001110101000101010001110100011000001110001001101111011001000010000110110011100000100000110101101011101010010110011000101001010001001101110101111110111010111110110111100010111110001100100010000001000101010000110010111001011001011011111110111110100101111110110111100001001111111111111110101101000100
01110010110111000000001110001010001110011111000100011101001000110101100111110101100000110000111011011101110000110001011101100101010101110001001011010011001000010111001001011111100001100100110000010111000110010011010100101111001110010000100011000010011111000111101010101000100011010011010110011010010110011110011000100111110111011010011100100111101101101010101100100010010010100001111111011010011001000011101001101110010101101011101010110110111011100111110011110010111000001110000101011111111101101000110010011110
11111001101001111111000001001101101101000000110011111011011110101111000001011100101111010100110100011100000000101111001010000101010001100100010011101100010000111101000100011111011011010010100111100001001000100010000100100000000001010111111000010100111110101111101110011000110101010110100010101110111100000101011100001000000010111111011100010001011110111011010010001101011100100101100101000110110100010000000110011001011001111000000111111000011011101111011111100111011001000010110110111000011111001011010010001101
11010011000001100011101101010000100111111111010010000001001000101101100101111101010011000110000100010100101000100000100010100000111010101010010101111001111101110000000100100010010100000001010110001101000110100111100010011000111001111001101101101110101000000100001101000010110010001101101110001101100110011011110100000011011101011110100010110100111101111111001100111101111010100011100011100111000011010101001111011011111011010001001010000100001010100100010110011111100000101110100111010100000011100000001011111010
10001110110000111001111110000101001000000011101000101111100101101010110111111111001111001101011110101001000010111111101010111101100010001010110000111111010110100110110100111110000110000101000110001100100011001111010011010000011111011110100010101100101001100011011011000001110000000010110100101000010110110011101010010111111100000011100000000100000001010110111100110100011111000011010011111000001001000111100001110011011000011011111100011000000111111000010011110000110001000000000010000100010100101001000101011011
10000001000010000000000101001101110001000001000011000111110101010000011100010000110101101100001011010001010011110000111011010011110101011011001110010010000111110010110011011011111110011101111111111110010110101001001000101001111001001111001011110111100010101100110000000000110111111000000111010111010101010000010010101000000100001001000000010010111011011101111010001101000100000000110001110101011011010010010110111110011110110110011011101001111010010010011010011111011110011011111110010001000111000000000110100001
01111000001110010110011101100111110100001010111111011100100100101110111000001100100011001011101110001010001110001110000110110011000001010010111001110010101001011010000000110101110100111100111101100111001000111110011011010001101001010100000101011110000001110010010100101111111010101010000001010011110100011100101101000001101001011011011011011110110010111011100001111110101110100100110110010100000110110100001110001000101100001011100101001000010001111000101000100100001110011010100001100111001000101100000000110100
10101101101000010011110010000010111010111001101100100011001001010110011001011001100010001100001000100000101010010011010110001101111110010001110111010100111101001010111001111110111111100110011100001000011000100101011011010010010001110011011110011101111001101001000111110001001001000000101010101111100011101000111001010011100100111111011100111010000000100101111000010010110001101010110010010110110110100001101001001011100110111101100101010110001001110000101011111101111101100101000000000011001000011100000111100001
01010111101010100101110010101001000101001111111110001100111001111100001100110100001000100001011011101011011000000111111110111101101100000011001110111010101101111110101011010011100110100111100110111011110101011011100000011011000010011011010110101111110101100101001101100110000001011111011001101101101111101110010110100000000001100001101100110111101001111111110001010101110010101000101000110000001100001010000000111001100010110100100011001100101000111001111111101110001001011101110000110011111010101100100010010000
01010100010010010001001010101001110101110011101010110110010110000100011101001011001010000001101111001011000010010001101010001010000001100100001011000100101111001011001000010101110000111101011001101010010111010111001000110100101011011110000001100101101001111101011110001010010011000010101010000000001110010101001101010100010110110111011110000110101101011001110000011100111100111010101010101110011110001111100111001110110001001101101101010100001000110101100101100011100010000110001110100010101001001111101110110000
00100111110101011100111110111111100011010001110011100101111010111101101111010110000101100110100010010101010111100000010011101101111101001011001001010111010101100011011100101001100011111010100110110011001110010001000010101111101111110111111100000111101000001100111011000110011111100011001011110101010101010110000101101000111001111010110101111111110100100111010010000110000010100001001000100101011100101101101001010110111000110001100001110010111100101011101001100111011111000110010100111011011001110111001011111111
11000010011001100111011111011100110011110110010101111001000101000110001100100110110011010100011101101000101110001001001101010011110100101111111000110010101111000101110111011000001110111110000001000101001100011000110010011110110101100000001010000011000011100010100100000011110101111110101111111010111100111110111110100110100110010110101000001010111010010011101000111110011001000000001000110011100010100100101100010000110000110111001010000011100010110001011100111110100110110000100110001110001111011100101111010101
01110101000011110111100101110110111010000010010011000110110110001100100010011000010101100010101001001001100001011010000011110001100111111001110001111010101110011111110011011110000000001010011100101011101111000101011011011110000001101000011010010010011000101100010011001100101011001010000100000111111000101010010101000111111011010111011100111100111100000000001101100100110001010001001110111001101111011000100000110001111001010011000101011101101000101010001001000110011101111011001110100000100111001010010111100100
00010101111101110110001001110000000000110100011011011111010000001011000101011010011110011010100010001001110000000001110000101101101101011111110100100100011101111100011011101001000010000101011100000110110000001001010011110110110100100010001010010011010101010010111100101000101010111001001001000000101111010000110011011011001101010100001100000001011001011111001011011111110110100000000111101110000111011000110001010000111011100010011111010110001010101110011101000111001110010001100100111000111010010010001010111000
11111000010110101110011101110011101001111001000010111100100010000100100011001111001010100101011111100000000101011100010101001110001001100101100011111101010110010001110000110100011011001111110111010111101101111000111000001010101001100100100010110001110010101111000111000111100100101010110001100011011001111010011111001000001010001111000011011001101001111100111100011000111010000110011111001100000110000100011110010010101111101010101001010101100101011110010001100110101011110001011011001100100011101111100110001111
11101000001100100111001000100011011010010111010001010011100001010000011101011001001101011001110010110110111010110001001011000100001001100001010100111100000000000011111000010001100000011111111010011010001101010100011110110111010100110110110100011010100011110110100101000100110101011001100010101011001101100100100010011111110110010111001010001000001000101110001100010110011000001111110001011111001010101100100010011110001100010101101101011110101000110110011001001000110101010000110001001101101000000000011100001001
00111000010111100110111000000010011110111000100101111100011010100110011101010000111110101011101111110110011001100100110111111000011010000001110011110010101110000100111010101100001011001101111111101001101011111011110000001110100110100110010101110101111100111110010010111000011000111100011010101101101101110010011100001000100101100101101011010100100101010011101011100000011000001010100100010100001010100000010010111110001010101101101100110001011101010110011101100110000100010111000011010011100010110000010111001011
10000111110101010001001100111101111100100100001000110111111010101101110011000101100010011011001010000111111101101000001011110001101101010100010111101011001010101100111010101100101010001100111001100010110100011111101111010101100101010011000001011111110000100101001111111001110101110011101100101101010100100010001011100111001011011111111001101111010011100100011101110100100111010110100101100000100010100010001111110100100100100000101011101101110110110000110001010101101111101011011110011001100100010101000011000000
11111101011000010000001011111011101000111111010111011000111100101100110001000111010001110000101010011001010000111001010000001000110101001010011001000000000110101110010000101101111111011011101100011110011110001110000100010111000000100010101011110010101000000010000110111001001010010000000111100011110010110001001010001001011001010100000010011110101110101010101010010001101001010000111111101100101011110101111000010001000000011110110101000000101110100011001000100010100011111000011011000011011001001101001100000111
01011101001011010010100010010101100001101011011011000111000011111110110101000110110011000000100101010111011010001010111111101011000000110110011111110001011001001000001110110011111111110000101101110100001100100010111101000001010100000011110001001110000110000110101011110010000001001000110001010101001000011001110001010110001101011101111101101010111010001110101001111111111111100010110111001100110000010101101101001011000001110110001011000000011101010111011001101000011100001010001010000011100001000110001110000000
10111010100011010001100000000111001011011011111011100011001001111001111011001111000110101001000110000101010011100000010000111100101000000000110000101100000011010011010111110001110010000110101110000000100111001010101001111010011000001111100010100011011111100100100011010000101010011001110111011001011101101110010000101101100010011000100101010001100101100111011100111111101000011010111101100011101011011101100011100101110001010110111101110011100100011100101011110110010000000111001111110101011000110011110111101110
10011011000001000100101011010111110111000011110010000011010101001010001110100011101100000010011100000100011011000100001001001100111100111010111010101100111101000000001100100001010100010101110000010110110010111011001011111111000110110100011100010000011001011111010000000110111110011101000100111000100110100101000100011101100011001011101101001011111001010110110011001111011101111011111000011111011010111000001110001010011000100101011000101101110111100111011100110001010010010111000000010101101011101011100111000011
01111000011001000000010110101010101001110001010110011101011001001101100001101101001001110011110011111001001100011011000011101000000101101000011000101001101011111111110010010100010011110100001000010101000101100001001100000000011001111101101110110100101000100101111000011101001010111110011110101100111111111010010100100111010101101000011111100100000001111101110100110100111000000001100001110000111100110010111001100011110011100111110001111011110011110001000010010010001011110110101011100001001110010110010111111101
10011000001010000001000000010100110001010100011001001111110010011010000000100010001101000010100010111100110101001100110111100101000101111001010100101110001110100110010001101010101001001011111011100010011101100011010001011111010000001001111011011000010111101000101010010110001110010101001010011010101011110000101011111101100001001000110011010100100011011110111010110110100101100101110110011011000111111101000000001101101001011001100111000100110101010010101011011010101001000100111010001001011000010011000101110010
10010111110101101011110001010111111001010111110011011110000010100010101111101011111010011110010000000000000000011001100010110010111101011111000000010101001101110100111101111000001111001011001001110011010101011001011010100111100111100000111000100001100000000000110011011111000100010110110100000011000111010100100100000101001001110001000100111110011011011000001011111101000000110100111100010111010001010111101011000011110101001001101101100000100110010001010011010100110101100101110001100011011110101101100111011001
11110100100010010000100111000101010001110001111101111110100110000100101000001001111001110110100011101001100100101000100010010010001100011100111110111111010110101100000110111101011000010101000011101000110000001010000011110100101011010000111010011011011010110011100010001010101011100100011110011101010001001100010101011111010010111010001111111001101101000010111111011001111111011000111001000000100100100100001110101100001101011100000111010010110000100000101100011011111100100010010111101100000000001011101110110011
11110100010111011011100000011000101100101110000001110100011010100100100000111100011100001001011001010111001010110001010011011101010011000001001101111100010101101100001001101001110110100000100111010101111011011011010110000111000111110111001100000001001100010111000110110001001101001110010011000011000010101010000110100001000001101011100110011000111110000101101101111111111101001011101100101101110111011100110001011110110010111101100111101010110111100100011011101101001010100110111011110101010101001010011011010001
00001011101000011000101101010010101010000111110001010111001011101010110110110000001111101001101100000011101011110001100100110111101101000110110010000110000110111100111011001011011011111110101000001101001010000111011001111010001101100011100101111101010010110011110011110001000001010011101110100111100111010101000100000001111100111111000010010101000101110001011001101100111000000001110111101001011110111111010110001101011011010010001011110010100011101001000110101110010001011101111111000110000101000001111011011001
01011111100010100000011110111000111011010101001001101100110110010101111111100100111000001110101000100111101101010110000111010001000110110010111001100111110011011010000111010110111110001001000110000000111011101001010110010011101011111010011111000001110101010101100100100000101001001111001101100011000101000100001100001111111100110001011001001111011011011111010101000110011111000011011111111000111110000011100011010110000111011100111010011000111111011000011100111100101001000011001111110100011111111101001111101101
11000011100011001100101010110100010100100010001000001010010011110001011010110111101110010010001111111100111101000010011001000110001011000110010101001100010100100011100010001111111101110001110000101010000100010110011100101101011011000100101111010000001010111000000010111100111101011100011011001101001111010010010111001111011011010000010001101110011111011100001110010001101011100011110101101111101110101000101111100001010000011100100100100001110010100010011100100111010111101101001001001101001011110111001001101101
10000101000000110100111001100000101100101101011110000100000010111101111111101110110110111010011010101101000110100010001111001100000010010010010001001000010010000100010101000001101010111101000111000101101111011100010011101111011110110010110110000001011111011101010111100101011000000001101100111000001111110100111110100001110111011100011101100001110101011101110100110101011100111101000110101010100001111101100011110011100011100110111111110101000111110100010011000000111001100101011100111010000001110000111011110111
10011100010111101100101110011110001101010110011011011011001101110101110001011000010011111101101000011100100101111111100100100001011001111111111110110010010001011101110100010101001010001111101000011001111001110101011000110100110010100000110001011100110010111111001011101110111011101111100010110110110110100111101101000100011101010001000010110111001101110101101010111011101111010100110100111000111110001011001101110111011000100100010001010111101100101011001110010001000000011000001111000100110101110011010000001111
00110101010001111100011010101111011100001111011011010110000001001011001100000111001000001011100000100101010101111100011010011111101101100110001110010101010110010100001010101101100111001001010111010001011010110011101111011111010111100000001001000010110010010001111110000011010111100110111101000001110101110100110000100110100000110010001000011111010100010101100011000010010100001000110110011001001100110111100001101001010010001010111101000010110110001001001100101100100101110101001000011001000011111100001010000110
00000000111110110100001100001001000111100110001100001111011110110011101100110001000001100000100001010010010110001111000110001001111111001111001000100100011001111000101010001010111111010001110100000100100000001010101110001101110010110100101111101101110111000101011110111110111101011010000110000101110011001000001010110100110001111001010000000011111000001100001000011111011111011011010010010110101110001011111011101110100010010001100000000110101111011000000010100101010100111111100101111011010011001001011111000110
11111110100111010000011001100101111111001111001011101011111111110110111011111011101111010010110000100010011010101101001100111011010100011100010000110101111011001001000101110010001100000001111111000010100101011101100111011000100100100000110110010100101111110011101111111111001110011100000011111011011100101101101001100111000010011011010110010011100011000001000101000010111110000001001111001001010100101111110100111110000011010100011011010100100111101101111100011110010011001110100000101111010100111101010110001101
11001111011010001100011100001000000101011110110001000010010001011011110101010010000100111011100011001000011001100001111001001101010000101011010100011101110001000010001010100010010001110011110011001101001101011010010010110011001000011010110001101100101000010010111100110111000000100110011111010100111001000010011110110010110010001110011011100100001100111001110001101111100001001111111110110001000011011111011101111111110100111000101010111000011101100111111100000001100111111111101011000010101000000101010010001110
11010001110101100100000110000001111011101011010100010110000010001011010100101101001010011101100110010001110101011101011111011010001010001101011111011010110100111000000110000001000011101101100101001101010010001001110111010010101000001001010100110100101001110101111000100111011011111000101100010000000011001110011011101000010001001110111000111010100001000110011011111101000001011011011000010000111100110000101001111011001101110000010010000110011101110110010001100110000101100101010000110010010110110011000010100100
00110010000001001100100101001101001101000110100001111100101100010010110110011010000101010110011111110110111110100110010111010000100110010000100100011000010111010010010101111111001010011100011010110010010001111101111110101100011000110000110101111011110001110000011100001101010011011000110111010011000110111100001111001000010000011101110000110001011100000011010010011010001111010111010001010011100111011000010011111011000101011011010011011110011010001101101101101111101000010001010010001010010010111000011000100001
10110101000000010101100100101110110010101011011100001000101010000110100001001010000011101011001101100100100010101111101111100011000000010010000111000001101001001011101110010011001001101000000110100101010011111110010011010001011010011111101011010111000110001000010001010111011010011101010011101000011110101010101101000011011101100001101000101001100111100001101010100010100001001011100111010110010001110011101010111110000110101110010110000110111110011011000110011011111111100111011111101000001001001111110001110000
00111001001110100000101001100100110101100111100001101101011010000010011011010000010000101001010000101010111101001000011110010100011100011010010100000011110000100011000010001010011011000000111110111001001011111001001100000110111101111100001010001010110001110001101001100000101110100110101100000000001011000110100011010010000011011111101010000101100101111100000010100001010111010010001010100001000000011000111100101101110000011110111111000101111110011110011010000101011101101010100101110010001000110111101100110110
10100111101100010011110011010101011110101110011101010100010000011101100110010101000000010100111011000001001010110110111100101110111111101101011011010110011101000100100001110011101011010111011010011000111001000010001111111100000010000011010000111111010101101000010010001111110011111100101101100000101000011000010010110011111010000011011101101100111000000101000011110100000111111110101100101001011001011000111100011010110100101010111010010000010101101010110110001100000011111101100001010110101010100111001101100001
01100001110011000001000111111111111000000000010101101111100000000010001100101111110100010000100011101101000100111011000011001101100110000111110111001111100110010000010101101101001000110000110001111001100001001110011010110110001011100010011010100110000101000100010011110101101001101001011101001001111001010100111010011101011000101111011010001010111001000000100001001101110001001000110000111001101001101110101000111000100000001100011111101001101111101111011100100011101100111110000000011100110001111100000001000100
01011001001110000111111000100000001101110100111011011001111111100110100011011011010111111011101101110011111001001000110101011010010101111001001100101100011011000101111100110000110000110011001000000001110111111001010010011100111001010001101110111001101100101110010110111001101100110011010000101100111011100101110110001010110111110001011011000000101001011011011000000001111011001101100111011111000011110001010101000010011000000011110111110111001011010001101001000001100101101011011100111101101011010110001111000100
11011001101100001001001110010100111001011111111000111111000010111110110110001010111011011110100000101110100011100001011101010101110111100011100110101100111110001111100100101111101110001001000001000111110111001100111011101110110001101010001110101000001111001000001000100011010010011000100101111101011001010001111010111100010000101101111100111000000111111011001010000000001100110101101011000010111001111010011010111110101101100011011001010101010101110011010001100101111100101001010001110110110111111101000010011011
01011011001001011011000010000011101011011100111111000100000111010100001010111011101001110000011100001000001001010110111010010111101000001010111111101111110101011001001001110110010111110010011000111110110011100101011000001011001011111001101010110101011000010100111011110111100011010000011010101101111010100101000100001101011100100111000110000101101111010101001111110001010011010010011101011110101111100011101110111101111111001000001101100101011111010010001010101111101110001011011000011011101011110100000101011101
10000000001101010010110010001000111011000111010001111110000101001110001100000101000110011110111111000101010101010011001110010000101101111000001101000011010001011101101100111110010000011101101000010100101110111011100010100110001000100101110110100111100011011000001010010110011010011000111000100111101101110110001001000101000110100010001001110001101111001111100101101011001111110010011100101111000111100000011000100011101010101101101000000111011101100011101111100101001110010001001000111100101011100000101000101011
00100000000101010111000100111011101011111001011100111001010111111100110111101010001101010111001000111111101110111111010000100000100011001111100100000001010000010111001100011010011010011110011110010100001010100000011100000100100011111110111111011100111110011110100110100101011101010011110111010000001101000110100111001100001000000110001011100011001100101100110010101001100011001010101011000010001010010100111001000100011111100010011101010001000101001111011010110100001000110101011101001101001100000111100000010001
11110001000110100110000011010001101011000001001110101010110110111010000001100010010110010100010000001100011011100100000100001011100111010110001111101101111110001101000010101110000010101010101100001110101010101000110001111101010100100011001100100100010100101111100010010101011011100011011001011101001010010110001010010010000010110010001110100101000011010010011011000011010011101110111100101111101011111101010011000001010111000001000001110111010111100101011101010111010111010011011111101111010111101010011100111011
01111000011000100001111001101111111101010011011101110000000010010100010000100000111100100110011111010001101110001010101010000011010110001101110110101110001110110001100101100001010001011001000011110100001010011110001100010110100001010110101100000111111111111100010101101101011011100100011110011111000111111111000111000110001110101110101000101110100000010010110011010111011000001000100101010011000100010010110100111000010000110110001110011111111111100011101100000101110101001000111101101011010001010101001000001000
10100000101011010100010110110001101000111101010000000000111100011111011110110000001011011011000001000001110010110100101001001001100000000110001001001010000100101011010111011001110101100001101000110001111101011000010000100010011000110101010010010100010100111111110101010110010001110001001101001000001100100011100101100010100000001010110010110000000101100101010100111101011101011011110010100100101011101100111011001101100111000101100010000011101100101010100000110110111001100000010110000101100000000000000001110010
10000011001011011110000110100011111100110111101110011100100011000111010000100010000010110010100100010111001001000111100000100101101001001101101101001110001110101011110110111011010001011101111001100110000100111111001001011100110000101011110011000001110101001100101011011000001001110111101001011110111111010010010001110010110100001101000110111011110010000110100111010111001011101111001000110010111101001100111101001110110101011101111010100100101111111101000101100000000010110101111010001011110010001000011010001101
01110100001000000100000001111000010111001010011000110010010000111110101010100011101110111101011011000000010000011001111110010010101011101101110111010000011011000111001110010010110101111110010101010110000100101010110111010011111111001010001000000110000000111111100001001100010001100110000010100100001101101100111111101010011010111011111010010110100110001111000011101011000010100001000011101011110000001001100101110110100011100010001111111001110111010000010111011001111000101110110001100001010100001100111010100000
10010000111000101100000101100111011011100100111101111001011001001011011111101000110111000011111101100100110110101010000001111000101110111001110101001010100110101101000010101111001110100110101010010110011011110111000001111111001000110010111001001010111101110001001010111010001110111001001110101011000101100000101101100011010011011001111100100010110001011001011100011111010001011100101001100010001110111100010111100110110100001110111111011111110101011000110110001111111000111010100101110001010010010000111111101000
01010010111100110001010101010000111010001101110000010101111001011100011111000000011100101000011010111100000000110101001010000000110011000001110001000100011000011111100011110010010100110100010101001000111010001100010000001110100011011101101110011101010000101110101010010111110001111101100100111100010110001001110000100010111011010001011111111011001010001101010011100111100110010100100011011010000100110100111000101111000100011000000001000111101001101011011000001001000010011111011000110001110111101001001101011100
11110000010101101010100101011001111101111000000000011001010101011001001110000011000111101010000100011011100100010011111000011101001110110001000001101001100111110101100111011011010110100100001111111000010111000110101111111001001010110101010100010010101101010001000111010010111001011101000010010010001000010011110001000000100100010101100110010111111000011001010011010111001111011111011100100011100010101010000011010101011011100101111001111001010110011100101000010111000111111111111101011110110011011100111101000001
10110000110011011101100101010000000111101111111001000111001000011011000000010000101110000100010000111001011001111010100101011000010000001100001001010100101010100010000110001111101000000110011000100010000110010010001011111110000001001100001100001101101110100110110100111101111000110111101010000101001110101001001101010010000100000100111011101101000011000001000000000100110100001010110010110001111110101011010110100110101001011110111000000011001000000100000111011000111111111101011110011110101000001000001001111111
00000010000101011111010001001101110100011100100010000010011000011101101001011101110000011101001000101110010010101111100101111110111011001110100110000110101000010010110101110100010110111001111001000000011001110000001000100101010011110000011110111001010011011111100011011110111111000011101010111011101110011000101110001001101111110101111001010011110100010001111101000100011100011000011110111000011010100010111111100010111111110001010100010110001111101111110111011111010111100001110110110011101010010001011110001111
00110101001001011111110011100111000110010001011100111000000100010110001100111111101110111111111110110101111010110100010100100001100111110111010101001101101010011101110111100111010001000011110101000110010011011011010010001010010100110011110011110110111111101100001111100010011000101110011100001010101000100110101011100111011101000001101100110011111000110011100000101010110100010001101111010100101101000011100010011011100001111100010110110000101011000110010010010000110110110101011010011101011111000111111111011010
11110111111011001001100011111100011011110010000001000101000100110001101111011101011111010111001011010111110101011010101010011101011110011100111001011011100000001110111000100100011101001000111101001110110000000111100100110101101111101000010111011111011001011101010111000011100010110011011100100001011110111001001111111010111011101011000110000111101000000011001101111010011101000001010001101001010111100010011000100100010000111101001000001001110001110011111001100100000011011010100110111101100000111001001010001110
11000011000110110010010010110000111100111101011111110001011110111110011100010110110011001001001011000100001110011101000100111101001011111001011100101101001001000111110011111010111111100110000011011011000100111001100110011111111001110101000000111001010001101110001111011010000000110011111101110011001001101011101100100100010000111111111010110101000000100001101111101110111011101001111000001011101100001100100110111100000001100010011100010100000101100000010110100100101000011001101100010011000110111111100111110100
01000111100010010100100100010110000100100110011000011011001001100110101111110111100100101010110011000101111110101011101010100111101001100001101000100010101110110101111001011000100010110110100100111011111010111000111111010100101101000110110111010000111000010111001110101100011100011010101110101001101011001001101100010000110000101011110010001011000111010001110110100001000111100101110100111101000001111110100111000010011011100011101000000110001111101010101010001010101011011100000101010110011000111001101010011111
00101001111010100010011101000000010110110111101111000000011001000010100101111101010010100010000100110000101011000100011111100111110111010010111001010010011010111100100111001000111011110000110111010001110001110101100010010100001011101010100110000001011111101011001000101100000110000011011100010000111010000110000100000011100011010001001000111000101110101000101110001100010110010101000110111111111111000100010110111011111110010011010111000110011011100000000100000111011101100110000001001010100101110101101011101000
10011001100111010010100000110100100110101011110010011010000101000010101000110010010001110110110011000010001011011010010101100101001110010110011001000111001101010000010110001001111000011111001011110011100000111001000001111011001010110000111011010011010000010100110110111100111000100010110001011000100001010011100100010011110011101001000111010010001010010011100110010110001111000011010101110110001000110001100001000100110100111011111001001010011000000101001011100011001000110000111001100100111011010101100011101010
01001011101100101101110000100011011010001101100101100000011011011001001101111010011111001001100111001001010100011110100110011110101001010011000110000001100001001101001100100001110010001000011011000100011101010101100111010000101001011010011011011110010000000111001111000000011011000011001111110000001011101110101001100100111110011110001001010110010010111001101010100001001101100101001100110110011100111010110010100101000000110110001100001000110111011111100000100011101000111100111000001100101010010001100001011000
00100101011100000000100000111000110110100010000000011100101000111100011001111000001111101011101110000010111101000101000110000110110110000111100000000000111100011001101010100110110010000101110111100100001000000100001111100011101010101100000111000000100001011010000110101111110101101010000110100111001010101100001000010111111110100000001010011000110101100010111111000100110011000111010000001100001100011111111000010001010101000110100110110010010111000011000001011100010110000111111010000101001111010010101011100000
10000011001101010111000010010010100110000100010100000001100101101111111000110010000010101101010001011001111001010011011100000110000000110000001111111101010010010011110111100100001011010101111011101000100000000000001011111110111101010010100001101000101001101101101100110010110011011100110101011101110100111101110101001110111000010010101001101000110011000010000001101100000010000110110010111100100010011001011100000001111110110011101101000010111110011111100110001101110111010100100111000000001100111101110011100111
00110111111011101000111101001111100010100101010001111000111010100011010111011101001000110011000000100101001000000100011001010101101000111011000001011101011111100110010111011111110000010100110001110000001011010111111101110010111001000000111000111110100011001000000001111001101010001111011101001000011111101011101010110101110001010010101100110001010011110110110111011011010100010011101000110101010100010111010010110000011111110001110010011000000010110011011111001011101100100110100111101010101111101110101011110100
01100101011011100000010101111001100101111011100111111001101001010101011101100110101010110101000110110101010000000101000001101010010101100000000001100000110100101101110111010111111111100011101011001010010011001001111010010011111100111111001000010100110001011001100011010100010010001111110100100100101001011010100101110111101000111100101110011101010010111010110100011011000011111101011000010110010110101101100100000010110000010011001010000011101010100100100100100101001011010010001100000011110011111101011001001011
01111001011101011000001111100001111100101101010110010010100000001111100001100110010100011010000110101101011000000110110100110010011111110011000011000011010010111011100110011100011001011100011001111010100010000011011011101101100010101110011000111101101100010000100011111110100110000000000010001101000000001000001100110101101111110110011110110111010011010011110100101111110010110011000010101011001001010001100011010001100000000010111000000101010010001111010100101111101100010011111011110001110110011111101011110110
11101100011011100010010110011000000100010111010111011011010011101010101001000011110110110111011110111100010011100100100100010110011101101001000001000011001001001111111101111011011001001110001000101111011100000000101001011100001000001101110100110010010111000000111011101010110011011000001110011011011001100001000011011111010110100010101010001001001000010100111010010111000011101101100011000010010101100010111000101111111100000011011101010000011101111000010010010111110110110011010001010101011010011010010001010101
10101001000110110011111011011100101010110010111101001100110100110000010110001111000110001111000000000010001001110101111000010001111111100010010010100111010110010011001000111111110111110001011001100101011100111110000010000101000110111101111011001011111001110010000011110100100010100000010011110100010010110000101011110111100001101111010101011010101101111010001111010011010100011000010011000111010001001010010110110001001100110110011101001000001110111101111011001001000111011001001001011010110000000110010010011001
01110010011100101100010101000011000100010100010100001101011001010100000110111011011011010101110011101000111111001000010001100001100011001110001010111110110010100000001101111001010101100010001111100000101110111110110110110011111011110101110010011000111011110000100101101101010000001101010001111100001001101010000010111011111110000111000110011010100111001001100000001000011010100000000110010111001111111110101010111011010000100000010101101101110110101101010101000000111011001010101101101110001000011011110010010110
01000110010101001010100111000101011110011111011111010110000111001111001000100100011111101111111011111000011010000000110001101011111011110010111111110010000010001001011011001011111110011100010010000000111000101010111101111111101101111101100100111010011010110101100010001000101101000110110100010100110011010111111101011111010010100000001011111100011000110100101000010000100110011010100001110001101101100011100110010110001011101110100100001110101010111010101001101000100111001111100010111110110000010110111100001001
11000010011110100111001101000101111011000100001110001100011111001000101111010000100010101111000001111000001011010110000111001111111001110010111001100001110000110011110101100001100110101100101011101001000000011111110101110101011101111010111101110000101100011001001101001111110110011000111111001001001111001110011000101000101101001110010000010000000111111110110111011100001110101101001101100010111101100110010011011100101110100000010000011110001101101011001000100111100010111001110000000111010001000100101000100100
01110111110100100000011011100011110000101011010101001101010101100101010111111101111011100100011101001111101100101000011010011110110000000001011010110010001101111100101110011100011001000001111000100100000010100000111000100001001111001000110010001111110001010011010110111001010111010110011110010101101110001001011010001010000010100111010011010001001111011001100001001101000100111011011110011000010011000101001111011111110001111001110010011001100100100100101110110101100110111110000000100101000101101101101100100010
10110000111001010001111101100111100010001101001101001001111001000101101010101111001100001111011010100111011101011111001110101111000001100110001101110010111010011100101100110100100011101111010110010010011010001110010001001101000001101000010110110100011101110011101111101111110101110000101011001110010011111011000000000010110011011010000010111110011101101111011111011001011001111000001010000110111001011110100011011011100101110000101111101110101100101000001010111110101111100110110110101111110011110001111011011110
11101000101010000001010100011100011101110011000011110110101001111010010111001011100001010101111011000110000110110100101100001010001110111000001011101010010111100101111111101110110111000111111010100010110100011010010000001000010110100011000111001000110001000101001111001110101010110000110010111100100100110001110000100000011001000001010000010101010000101110001001100110000011100100001000101110111001101110000011111110001010100100110011001100111100000110011011000001111000100010001010010100010000110000001110100101
00111111001010001011101101011101111101001011100111110111010100100001101101011101110000111111101111010110100010010010001101101111000011001010100011110111101001110101111110110110011000010000101011100010100010000101110100101010101000011100011101111011101111011110111100111111101000100111110110010000000011101001101011011000011001000011111101111011001100011111100110100100000011110100011111010110110011111010011000010110011111001110100011110110111010011100111110111101110001100101101100100000000011011000100001110001
10001010101001011010100100010111001110011110011111100001100100011101110100101001111001110100110000100000001001100011110111100010110110110000110010011101011101010110101110001010000000111111011001010111101001000100111110110101110011011011000111101100101101011110110000100001110100111101100110000000100110110110101110000010010011000010001001000110001010000000101101111111011000101110100101001100100100001110101111110101011011010000010001000110010100110100100110001010000010111111101011100010010001100111010010001001
01101101000100110111000101010001100000010100000100010101100011101001101011011110110111110011011111011110100000100010010011011101011000101101011000010000111111111010010001011100110000111110011110101010110111101000001011101100110100100011010011010001110011110101010011000000001110010001100010101001011100111001100001111011110001000110010010111101100010111111010111001101111101101011011001100100011110100101001010110001110000001100100001000101011011010011010001111000011101101101111011110010011011010011101010111100
11111010001100101110110001001110111101001101110101001001000111000001011101101111100100100110011001011101100000010100111001001010100011110100010001111100011100011110001101111011000101001011011101110010111010011010100011010010111001101110100010011111001101110000100101000011010111001011110111101000101011110011101011100011100000000111000111001111000111111000011001001111011000000100001111010111101000110011000010000111000001110000110011101001110111110000110111111001100101010100010001000100010101101111111010011011
01000000010011111010101010001100110011010000111101110110010100010010111100100100110001010010011011001000111100001101010000010011000011011010010100001110011011100100110001101001010001000100101110100001101010110100011000101010001010101001100100001000001000010100100100110000111111011011000100100011000010001101010100010010110101010110110110010011010010001110110101000011010001111110000001100011011111101100001111001011110011011010000100001110011011101111010111011011111001000110101011100011110111000101110110100101
00010100010000010100010111011011011100001100000101100011100100011101000101011010000011111011110010011111111010100101100011010100010010110010111100000010111011011111010010110100011110010110001010101110100110111010111101101011011011111011111101110110101111011011010010100011010101010110010011111000100010010100011011111001011001001101100011000000101011011110101101011110000111011010010110010001110100110110010110000000110111010010111111101101011010100011011110010101110000100111111100011101011010000101100111101111
00011010110011101101011110010001110000100100101000110111111011011110101100010100011100100100000100111000001111000000111100101100101011100100110011001111101101101100111101110001111110000000010000101100110001111001101110100010001111110111011010101011010110111001101100001110101011101110011100100110111011011001111010101110000011100111110000100100100101001111110010111010110011100110110100110101000010110111010100001000111110111001011110101110011000000010100111111010000110000001011101000101111111110010100001010010
11111001010101101000101011000001101011011101010001101101111100011000010100110001101111111101000011100010111101010000011110100110110001111110110111010101101101111111100000100011010010010010100100100111110010101011101111000100010100010110110110011010111011111111100010010000001010101001011110111010010011101000110001010001011000110001101001010101110111010011000100111001101110010110011111001010101010010100010111100010110110011010011100000111010101101110111001110110010101110101010000111101011011010000110011000101
00011010100100110100011110011010111101101011010101001010110011111110001101110000010000110101000010001000111011110101011101001111011011111000000101110010010010111101110111100100110001110011111111100111100000101001000100000101101111110001011100010111110000001011110001011001000011001000101000111101100111111110101001010001110111001111000000010011110011000001000110011111001111010000010100100111100010001001111100001000001000000001101010010111000001000110110100101011100000101010111110100001100011010010011000000001
10001101110010111111100100001111100000001110001011100000000111111011001111101101010101110000100001110111110000011001100110110000101001111001100000110111000101000100111110011010001001100011110011111100101101001100110001100010100100101010010111010001100000111101101101011100111011011110100011001000011000011000010101011110010011011010111111000101111110011100100100110100110111100000101010001000000100111000100111101011011101001001010100100000100111101010011011110001111100100011110110101101111101001101111110111001
11110001101001000001101010010001000000011001010010101011110100101011111110101010000000011101011100010100011000100111101100000000100001110011001011000010001110010011100001111111010010111000100011011101101000010100011110001000001001100010110010100000001011100100011001011110011101000111110111000111101011000110011010000000101011100010101110011000000110101011100101100101110111101001001000101000001110111001101100010001110001110001100010110000111111100001100010100001111000110010111101101010001101100000011101001100
01010101010110100101001110011010101010101000001100111011111101000011110010100010001111000110001000001101110000111100001000111100011011111100010001011100001001100100110101110010101011010011110101101011011011101100010011100001110001101101000100110001110101010101110011111001101101111011010110011101110001000101000001011111110111100101001111010001001010111011110101000011011000001000000110011110000010111101110110110100001111100000010100000010111101100100010011101000101101101100111111001011100000011111101100000111
