End of iter 1
40
61
22
End of iter 2
40
39
22
56
23
End of iter 3
38
39
22
58
End of iter 4
41
39
22
58
End of iter 5
38
39
22
54
End of iter 6
37
39
22
41
End of iter 7
37
39
22
39
End of iter 8
39
42
22
39
End of iter 9
39
43
22
41
End of iter 10
42
37
22
41
End of iter 11
38
37
22
41
40
45
End of iter 12
39
39
22
41
40
45
End of iter 13
39
39
22
41
42
45
44
42
End of iter 14
37
41
22
41
42
41
44
42
43
38
42
End of iter 15
37
41
22
41
38
41
44
42
40
38
39
40
40
42
38
End of iter 16
39
41
22
44
38
41
44
40
38
38
43
40
40
40
40
39
40
39
39
End of iter 17
43
41
22
44
40
45
44
40
40
39
43
40
36
40
40
39
40
42
39
39
45
41
End of iter 18
42
36
22
42
44
42
44
40
38
39
50
40
40
40
37
42
45
42
39
39
45
41
42
45
40
40
