Input vector
0000001101110100
Coverage
[[1, 1, 1, 1], [1, 1, 1, 0], [1, 1, 0, 1], [1, 0, 1, 1], [1, 1, 0, 0], [0, 0, 1, 1], [0, 1, 0, 0]]
Kirichenko
x1*x2*x3*x4+x1*x2*~x3*~x4+~x1*~x2*x3+x1*~x2*x4+~x1*x3*x4+~x1*x2+x3*~x4+x2
Performed
x1*x2*~x3*x4+x1*x2*x3*~x4+~x1*~x2*x3+x1*~x2*x4+~x1*x3*x4+x3*~x4
1
0
1
Input vector
0000001101110100
Coverage
[[1, 1, 1, 1], [1, 1, 1, 0], [1, 1, 0, 1], [1, 0, 1, 1], [1, 1, 0, 0], [0, 0, 1, 1], [0, 0, 1, 0]]
Kirichenko
x1*x2*x3*x4+x1*x2*~x3*~x4+~x1*~x2*x3+x1*~x2*x4+~x1*x3*x4+x1*x2+x3*x4+x3
Performed
x1*x2*~x3*x4+x1*x2*x3*~x4+~x1*~x2*x3+x1*~x2*x4+x1*x3*x4+x3
1
0
1
Input vector
0000001101110100
Coverage
[[1, 1, 1, 1], [1, 1, 1, 0], [1, 1, 0, 1], [1, 0, 1, 1], [1, 1, 0, 0], [0, 0, 1, 1], [0, 0, 0, 1]]
Kirichenko
x1*x2*x3*x4+x1*x2*~x3*~x4+~x1*~x2*x3+x1*~x2*x4+~x1*x3*x4+x1*x2+~x3*~x4+~x4
Performed
x1*x2*~x3*x4+x1*x2*x3*~x4+~x1*~x2*x3+x1*~x2*x4+~x1*x3*x4+x3*~x4
1
0
1
Input vector
1110001111111101
Coverage
[[1, 1, 1, 1], [1, 1, 1, 0], [1, 0, 1, 1], [0, 1, 1, 1], [1, 0, 0, 1], [0, 1, 1, 0], [0, 1, 0, 0]]
Kirichenko
x1*x2*x3*x4+x1*x2*x3*~x4+x1*x2*~x3+~x1*~x3*x4+x2*x3*x4+~x1*x4+x2*x3+~x2
Performed
x1*x2*x3*x4+~x1*x2*x3*~x4+x1*x2*~x3+~x1*x3*x4+~x2
2
1
0
Input vector
1001011100001011
Coverage
[[1, 1, 1, 1], [1, 1, 0, 1], [1, 0, 1, 1], [0, 1, 1, 1], [1, 1, 0, 0], [0, 0, 1, 1], [0, 0, 0, 1]]
Kirichenko
x1*x2*x3*x4+x1*~x2*x3*x4+x1*~x2*~x4+~x1*x3*~x4+x2*x3*x4+~x1*x2+x3*x4+~x4
Performed
x1*x2*x3*x4+~x1*~x2*x3*x4+x1*~x2*~x4+~x1*x3*~x4+~x1*x2+~x4
1
1
0
Input vector
0011011110111010
Coverage
[[1, 1, 1, 1], [1, 1, 1, 0], [1, 0, 1, 1], [0, 1, 1, 1], [1, 1, 0, 0], [0, 0, 1, 1], [1, 0, 0, 0]]
Kirichenko
x1*x2*x3*x4+x1*x2*~x3*~x4+x1*~x2*x3+~x1*~x3*x4+x2*~x3*x4+x1*x2+~x3*~x4+~x1
Performed
~x1*~x2*~x3*x4+x1*x2*x3*~x4+x1*~x2*x3+~x3*~x4+~x1
2
0
1
Input vector
1001110110110000
Coverage
[[1, 1, 1, 1], [1, 1, 0, 1], [1, 0, 1, 1], [0, 1, 1, 1], [1, 0, 1, 0], [0, 1, 0, 1], [0, 0, 0, 1]]
Kirichenko
x1*x2*x3*x4+x1*x2*~x3*x4+x1*x2*~x4+x1*x3*x4+x2*x3*x4+~x1*x3+x2*x4+~x4
Performed
x1*~x2*x3*x4+~x1*x2*~x3*x4+x1*x2*~x4+~x1*x3+~x4
2
1
0
Input vector
1011111011010100
Coverage
[[1, 1, 1, 1], [1, 1, 1, 0], [1, 1, 0, 1], [1, 0, 1, 1], [1, 1, 0, 0], [0, 0, 1, 1], [1, 0, 0, 0]]
Kirichenko
x1*x2*x3*x4+x1*~x2*~x3*x4+x1*~x2*x3+~x1*x2*x4+x1*x3*x4+x1*~x2+~x3*x4+~x1
Performed
x1*~x2*~x3*~x4+x1*~x2*x3*x4+~x1*x2*x4+~x3*x4+~x1
2
1
0
Input vector
1011111011010100
Coverage
[[1, 1, 1, 1], [1, 1, 1, 0], [1, 1, 0, 1], [1, 0, 1, 1], [1, 0, 1, 0], [0, 1, 0, 1], [1, 0, 0, 0]]
Kirichenko
x1*x2*x3*x4+x1*~x2*~x3*x4+x1*x2*~x3+x1*x2*x4+~x1*x3*x4+x1*~x3+~x2*x4+~x1
Performed
x1*~x2*~x3*~x4+x1*x2*~x3*x4+~x1*x3*x4+~x2*x4+~x1
2
1
0
Input vector
1011111011010100
Coverage
[[1, 1, 1, 1], [1, 1, 1, 0], [1, 1, 0, 1], [1, 0, 1, 1], [1, 0, 0, 1], [0, 1, 1, 0], [1, 0, 0, 0]]
Kirichenko
x1*x2*x3*x4+x1*~x2*~x3*x4+~x1*~x2*~x3+~x1*~x2*x4+~x1*x3*x4+x1*x4+~x2*~x3+~x1
Performed
x1*~x2*x3*x4+x1*x2*~x3*x4+x1*~x2*~x3+~x1*~x2*x4+~x1*x3*x4+~x1
1
0
1
Input vector
1011111011010100
Coverage
[[1, 1, 1, 1], [1, 1, 1, 0], [1, 1, 0, 1], [0, 1, 1, 1], [1, 0, 1, 0], [0, 1, 0, 1], [1, 0, 0, 0]]
Kirichenko
x1*x2*x3*x4+~x1*x2*~x3*x4+x1*x2*~x3+~x1*~x2*x4+~x2*x3*x4+x1*~x3+x2*x4+~x1
Performed
~x1*x2*x3*x4+x1*x2*~x3*x4+x1*~x2*~x3+~x1*~x2*x4+~x2*x3*x4+~x1
1
0
1
Input vector
1011111011010100
Coverage
[[1, 1, 1, 1], [1, 1, 1, 0], [1, 1, 0, 1], [0, 1, 1, 1], [1, 0, 1, 0], [0, 1, 0, 1], [0, 0, 1, 0]]
Kirichenko
x1*x2*x3*x4+~x1*x2*~x3*x4+x1*x2*~x3+~x1*~x2*x4+~x2*x3*x4+~x1*x3+x2*x4+~x3
Performed
~x1*x2*x3*x4+x1*x2*~x3*~x4+~x1*~x2*x4+~x2*x3*x4+~x1*x3+~x3
1
0
1
Input vector
1011111011010100
Coverage
[[1, 1, 1, 1], [1, 1, 1, 0], [1, 0, 1, 1], [0, 1, 1, 1], [1, 1, 0, 0], [0, 0, 1, 1], [1, 0, 0, 0]]
Kirichenko
x1*x2*x3*x4+~x1*~x2*x3*x4+x1*~x2*x3+~x1*~x3*x4+x2*~x3*x4+x1*~x2+x3*x4+~x1
Performed
~x1*x2*x3*x4+x1*~x2*x3*x4+x1*~x2*~x3+~x1*~x3*x4+x2*~x3*x4+~x1
1
0
1
Input vector
1011111011010100
Coverage
[[1, 1, 1, 1], [1, 1, 1, 0], [1, 0, 1, 1], [0, 1, 1, 1], [1, 1, 0, 0], [0, 0, 1, 1], [0, 1, 0, 0]]
Kirichenko
x1*x2*x3*x4+~x1*~x2*x3*x4+x1*~x2*x3+~x1*~x3*x4+x2*~x3*x4+~x1*x2+x3*x4+~x2
Performed
~x1*x2*x3*x4+x1*~x2*x3*~x4+~x1*~x3*x4+x2*~x3*x4+~x1*x2+~x2
1
0
1
Input vector
1010000111100000
Coverage
[[1, 1, 1, 1], [1, 1, 0, 1], [1, 0, 1, 1], [0, 1, 1, 1], [1, 1, 0, 0], [0, 0, 1, 1], [1, 0, 0, 0]]
Kirichenko
x1*x2*x3*x4+x1*x2*x3*x4+~x1*~x2*~x4+~x1*x3*x4+x2*x3*x4+x1*x2+x3*x4+x1
Performed
x1*~x2*x3*x4+~x1*x2*x3*x4+~x1*~x2*~x4+x1*~x2
3
0
1
Input vector
1010000111100000
Coverage
[[1, 1, 1, 1], [1, 1, 0, 1], [1, 0, 1, 1], [0, 1, 1, 1], [1, 1, 0, 0], [0, 0, 1, 1], [0, 1, 0, 0]]
Kirichenko
x1*x2*x3*x4+x1*x2*x3*x4+~x1*~x2*~x4+~x1*x3*x4+x2*x3*x4+~x1*~x2+x3*x4+~x2
Performed
x1*~x2*x3*x4+~x1*x2*x3*x4+~x1*~x2*x4+~x2
3
0
1
Input vector
1010000111100000
Coverage
[[1, 1, 1, 1], [1, 1, 0, 1], [1, 0, 1, 1], [0, 1, 1, 1], [1, 1, 0, 0], [0, 0, 1, 1], [0, 0, 1, 0]]
Kirichenko
x1*x2*x3*x4+x1*x2*x3*x4+~x1*~x2*~x4+~x1*x3*x4+x2*x3*x4+x1*~x2+x3*~x4+x3
Performed
x1*~x2*x3*x4+~x1*x2*x3*x4+~x1*~x2*~x4+x1*~x2
3
0
1
Input vector
1010000111100000
Coverage
[[1, 1, 1, 1], [1, 1, 0, 1], [1, 0, 1, 1], [0, 1, 1, 1], [1, 1, 0, 0], [0, 0, 1, 1], [0, 0, 0, 1]]
Kirichenko
x1*x2*x3*x4+x1*x2*x3*x4+~x1*~x2*~x4+~x1*x3*x4+x2*x3*x4+x1*~x2+~x3*x4+x4
Performed
x1*~x2*x3*x4+~x1*x2*x3*x4+~x1*~x2*~x4+x1*~x2
3
0
1
Input vector
1011000101111000
Coverage
[[1, 1, 1, 1], [1, 1, 1, 0], [1, 1, 0, 1], [0, 1, 1, 1], [1, 1, 0, 0], [0, 0, 1, 1], [0, 1, 0, 0]]
Kirichenko
x1*x2*x3*x4+~x1*x2*x3*~x4+~x1*~x2*~x3+~x1*x2*x4+x2*x3*x4+~x1*x2+~x3*~x4+~x2
Performed
~x1*x2*x3*x4+~x1*x2*~x3*~x4+~x1*~x2*~x3+~x3*~x4+~x2
2
1
0
Input vector
0001011111111010
Coverage
[[1, 1, 1, 1], [1, 1, 1, 0], [1, 1, 0, 1], [0, 1, 1, 1], [1, 0, 1, 0], [0, 1, 0, 1], [1, 0, 0, 0]]
Kirichenko
x1*x2*x3*x4+~x1*~x2*~x3*x4+~x1*~x2*x3+~x1*~x2*x4+x2*x3*x4+~x1*x3+x2*x4+x1
Performed
~x1*~x2*x3*x4+~x1*x2*x3*~x4+x2*x4+x1
3
0
1
Input vector
0001011111111010
Coverage
[[1, 1, 1, 1], [1, 1, 1, 0], [1, 1, 0, 1], [0, 1, 1, 1], [1, 0, 0, 1], [0, 1, 1, 0], [1, 0, 0, 0]]
Kirichenko
x1*x2*x3*x4+~x1*~x2*~x3*x4+x1*x2*x3+x1*x2*x4+x2*x3*x4+~x1*x4+x2*x3+x1
Performed
~x1*~x2*x3*x4+~x1*x2*~x3*x4+~x1*x2*x3+x1*x2*x4+x1
2
0
1
Input vector
0001011111111010
Coverage
[[1, 1, 1, 1], [1, 1, 1, 0], [1, 0, 1, 1], [0, 1, 1, 1], [1, 1, 0, 0], [0, 0, 1, 1], [1, 0, 0, 0]]
Kirichenko
x1*x2*x3*x4+~x1*x2*x3*x4+~x1*x2*~x3+x1*x3*x4+x2*~x3*x4+~x1*x2+x3*x4+x1
Performed
~x1*~x2*x3*x4+x1*x2*x3*x4+~x1*x2*x3+x2*~x3*x4+x1
2
1
0
Input vector
0001011111111010
Coverage
[[1, 1, 1, 1], [1, 1, 1, 0], [1, 0, 1, 1], [0, 1, 1, 1], [1, 1, 0, 0], [0, 0, 1, 1], [0, 1, 0, 0]]
Kirichenko
x1*x2*x3*x4+~x1*x2*x3*x4+~x1*x2*~x3+x1*x3*x4+x2*~x3*x4+x1*~x2+x3*x4+x2
Performed
~x1*~x2*x3*x4+x1*x2*x3*x4+~x1*x2*~x3+x2*~x3*x4+x1*~x2+x2
1
1
0
Input vector
0001011111111010
Coverage
[[1, 1, 1, 1], [1, 1, 1, 0], [1, 0, 1, 1], [0, 1, 1, 1], [1, 0, 0, 1], [0, 1, 1, 0], [1, 0, 0, 0]]
Kirichenko
x1*x2*x3*x4+~x1*x2*x3*x4+x1*x2*x3+~x1*~x3*x4+x2*~x3*x4+~x1*x4+x2*x3+x1
Performed
~x1*x2*x3*~x4+x1*x2*x3*x4+~x1*x3*x4+x2*~x3*x4+x1
2
1
0
Input vector
0001011111111010
Coverage
[[1, 1, 1, 1], [1, 1, 1, 0], [1, 0, 1, 1], [0, 1, 1, 1], [1, 0, 0, 1], [0, 1, 1, 0], [0, 0, 0, 1]]
Kirichenko
x1*x2*x3*x4+~x1*x2*x3*x4+x1*x2*x3+~x1*~x3*x4+x2*~x3*x4+x1*~x4+x2*x3+x4
Performed
~x1*x2*x3*~x4+x1*x2*x3*x4+~x1*~x3*x4+x2*~x3*x4+x1*~x4+x4
1
1
0
Input vector
0001011111111010
Coverage
[[1, 1, 1, 1], [1, 1, 0, 1], [1, 0, 1, 1], [0, 1, 1, 1], [1, 1, 0, 0], [0, 0, 1, 1], [1, 0, 0, 0]]
Kirichenko
x1*x2*x3*x4+~x1*x2*~x3*~x4+x1*x2*x4+x1*x3*x4+x2*x3*x4+~x1*x2+x3*x4+x1
Performed
~x1*x2*~x3*x4+~x1*x2*x3*~x4+x1*x2*x4+~x1*x3*x4+x1
2
0
1
Input vector
0001011111111010
Coverage
[[1, 1, 1, 1], [1, 1, 0, 1], [1, 0, 1, 1], [0, 1, 1, 1], [1, 0, 1, 0], [0, 1, 0, 1], [1, 0, 0, 0]]
Kirichenko
x1*x2*x3*x4+~x1*x2*~x3*~x4+~x1*x2*~x4+~x1*x3*~x4+x2*x3*x4+~x1*x3+x2*x4+x1
Performed
~x1*~x2*x3*x4+~x1*x2*x3*~x4+x2*x4+x1
3
0
1
Input vector
1010001110000100
Coverage
[[1, 1, 1, 1], [1, 1, 1, 0], [1, 1, 0, 1], [1, 0, 1, 1], [1, 0, 1, 0], [0, 1, 0, 1], [1, 0, 0, 0]]
Kirichenko
x1*x2*x3*x4+x1*x2*x3*~x4+~x1*x2*x3+x1*x2*x4+x1*x3*x4+x1*~x3+~x2*~x4+x1
Performed
x1*x2*~x3*x4+x1*~x2*x3*~x4+~x1*x2*x3+~x2*~x4
3
1
0
Input vector
1010001110000100
Coverage
[[1, 1, 1, 1], [1, 1, 1, 0], [1, 1, 0, 1], [1, 0, 1, 1], [1, 0, 1, 0], [0, 1, 0, 1], [0, 1, 0, 0]]
Kirichenko
x1*x2*x3*x4+x1*x2*x3*~x4+~x1*x2*x3+x1*x2*x4+x1*x3*x4+x1*x3+~x2*x4+~x2
Performed
x1*x2*~x3*x4+x1*~x2*x3*~x4+~x1*x2*x3+~x2*~x4
3
1
0
Input vector
1010001110000100
Coverage
[[1, 1, 1, 1], [1, 1, 1, 0], [1, 1, 0, 1], [1, 0, 1, 1], [1, 0, 1, 0], [0, 1, 0, 1], [0, 0, 0, 1]]
Kirichenko
x1*x2*x3*x4+x1*x2*x3*~x4+~x1*x2*x3+x1*x2*x4+x1*x3*x4+x1*x3+x2*~x4+~x4
Performed
x1*x2*~x3*x4+x1*~x2*x3*~x4+~x1*x2*x3+~x2*~x4
3
1
0
Input vector
1100000111100000
Coverage
[[1, 1, 1, 1], [1, 1, 1, 0], [1, 1, 0, 1], [1, 0, 1, 1], [1, 1, 0, 0], [0, 0, 1, 1], [1, 0, 0, 0]]
Kirichenko
x1*x2*x3*x4+~x1*x2*~x3*x4+~x1*~x2*~x3+~x1*x2*x4+~x1*x3*x4+x1*x2+x3*x4+x1
Performed
~x1*x2*x3*x4+x1*~x2*x3*x4+~x1*~x2*~x3+x1*~x2
3
0
1
Input vector
1100000111100000
Coverage
[[1, 1, 1, 1], [1, 1, 1, 0], [1, 1, 0, 1], [1, 0, 1, 1], [1, 1, 0, 0], [0, 0, 1, 1], [0, 1, 0, 0]]
Kirichenko
x1*x2*x3*x4+~x1*x2*~x3*x4+~x1*~x2*~x3+~x1*x2*x4+~x1*x3*x4+~x1*~x2+x3*x4+~x2
Performed
~x1*x2*x3*x4+x1*~x2*x3*x4+~x1*~x2*x3+~x2
3
0
1
Input vector
1100000111100000
Coverage
[[1, 1, 1, 1], [1, 1, 1, 0], [1, 1, 0, 1], [1, 0, 1, 1], [1, 1, 0, 0], [0, 0, 1, 1], [0, 0, 1, 0]]
Kirichenko
x1*x2*x3*x4+~x1*x2*~x3*x4+~x1*~x2*~x3+~x1*x2*x4+~x1*x3*x4+x1*~x2+x3*~x4+x3
Performed
~x1*x2*x3*x4+x1*~x2*x3*x4+~x1*~x2*~x3+x1*~x2
3
0
1
Input vector
1100000111100000
Coverage
[[1, 1, 1, 1], [1, 1, 1, 0], [1, 1, 0, 1], [1, 0, 1, 1], [1, 1, 0, 0], [0, 0, 1, 1], [0, 0, 0, 1]]
Kirichenko
x1*x2*x3*x4+~x1*x2*~x3*x4+~x1*~x2*~x3+~x1*x2*x4+~x1*x3*x4+x1*~x2+~x3*x4+x4
Performed
~x1*x2*x3*x4+x1*~x2*x3*x4+~x1*~x2*~x3+x1*~x2
3
0
1
Input vector
1100000111100000
Coverage
[[1, 1, 1, 1], [1, 1, 1, 0], [1, 1, 0, 1], [0, 1, 1, 1], [1, 1, 0, 0], [0, 0, 1, 1], [1, 0, 0, 0]]
Kirichenko
x1*x2*x3*x4+x1*~x2*~x3*x4+~x1*~x2*~x3+x1*~x2*x4+~x2*x3*x4+x1*x2+x3*x4+x1
Performed
~x1*x2*x3*x4+x1*~x2*x3*x4+~x1*~x2*~x3+x1*~x2
3
0
1
Input vector
1100000111100000
Coverage
[[1, 1, 1, 1], [1, 1, 1, 0], [1, 1, 0, 1], [0, 1, 1, 1], [1, 1, 0, 0], [0, 0, 1, 1], [0, 1, 0, 0]]
Kirichenko
x1*x2*x3*x4+x1*~x2*~x3*x4+~x1*~x2*~x3+x1*~x2*x4+~x2*x3*x4+~x1*~x2+x3*x4+~x2
Performed
~x1*x2*x3*x4+x1*~x2*x3*x4+~x1*~x2*x3+~x2
3
0
1
Input vector
1100000111100000
Coverage
[[1, 1, 1, 1], [1, 1, 1, 0], [1, 1, 0, 1], [0, 1, 1, 1], [1, 1, 0, 0], [0, 0, 1, 1], [0, 0, 1, 0]]
Kirichenko
x1*x2*x3*x4+x1*~x2*~x3*x4+~x1*~x2*~x3+x1*~x2*x4+~x2*x3*x4+x1*~x2+x3*~x4+x3
Performed
~x1*x2*x3*x4+x1*~x2*x3*x4+~x1*~x2*~x3+x1*~x2
3
0
1
Input vector
1100000111100000
Coverage
[[1, 1, 1, 1], [1, 1, 1, 0], [1, 1, 0, 1], [0, 1, 1, 1], [1, 1, 0, 0], [0, 0, 1, 1], [0, 0, 0, 1]]
Kirichenko
x1*x2*x3*x4+x1*~x2*~x3*x4+~x1*~x2*~x3+x1*~x2*x4+~x2*x3*x4+x1*~x2+~x3*x4+x4
Performed
~x1*x2*x3*x4+x1*~x2*x3*x4+~x1*~x2*~x3+x1*~x2
3
0
1
Input vector
1100000111100000
Coverage
[[1, 1, 1, 1], [1, 1, 1, 0], [1, 0, 1, 1], [0, 1, 1, 1], [1, 1, 0, 0], [0, 0, 1, 1], [1, 0, 0, 0]]
Kirichenko
x1*x2*x3*x4+x1*x2*x3*x4+~x1*~x2*~x3+~x1*x3*x4+x2*x3*x4+x1*x2+x3*x4+x1
Performed
x1*~x2*x3*x4+~x1*x2*x3*x4+~x1*~x2*~x3+x1*~x2
3
0
1
Input vector
1100000111100000
Coverage
[[1, 1, 1, 1], [1, 1, 1, 0], [1, 0, 1, 1], [0, 1, 1, 1], [1, 1, 0, 0], [0, 0, 1, 1], [0, 1, 0, 0]]
Kirichenko
x1*x2*x3*x4+x1*x2*x3*x4+~x1*~x2*~x3+~x1*x3*x4+x2*x3*x4+~x1*~x2+x3*x4+~x2
Performed
x1*~x2*x3*x4+~x1*x2*x3*x4+~x1*~x2*x3+~x2
3
0
1
Input vector
1100000111100000
Coverage
[[1, 1, 1, 1], [1, 1, 1, 0], [1, 0, 1, 1], [0, 1, 1, 1], [1, 1, 0, 0], [0, 0, 1, 1], [0, 0, 1, 0]]
Kirichenko
x1*x2*x3*x4+x1*x2*x3*x4+~x1*~x2*~x3+~x1*x3*x4+x2*x3*x4+x1*~x2+x3*~x4+x3
Performed
x1*~x2*x3*x4+~x1*x2*x3*x4+~x1*~x2*~x3+x1*~x2
3
0
1
Input vector
1100000111100000
Coverage
[[1, 1, 1, 1], [1, 1, 1, 0], [1, 0, 1, 1], [0, 1, 1, 1], [1, 1, 0, 0], [0, 0, 1, 1], [0, 0, 0, 1]]
Kirichenko
x1*x2*x3*x4+x1*x2*x3*x4+~x1*~x2*~x3+~x1*x3*x4+x2*x3*x4+x1*~x2+~x3*x4+x4
Performed
x1*~x2*x3*x4+~x1*x2*x3*x4+~x1*~x2*~x3+x1*~x2
3
0
1
Input vector
0100010000011011
Coverage
[[1, 1, 1, 1], [1, 1, 1, 0], [1, 1, 0, 1], [1, 0, 1, 1], [1, 0, 1, 0], [0, 1, 0, 1], [0, 1, 0, 0]]
Kirichenko
x1*x2*x3*x4+x1*~x2*x3*~x4+x1*x2*~x3+~x1*~x2*x4+~x1*x3*x4+x1*x3+x2*~x4+x2
Performed
x1*~x2*x3*x4+x1*x2*x3*~x4+x1*x2*~x3+~x1*~x2*x4+~x1*x3*x4+x2*x4
1
0
1
Input vector
0100010000011011
Coverage
[[1, 1, 1, 1], [1, 1, 1, 0], [1, 1, 0, 1], [1, 0, 1, 1], [1, 0, 1, 0], [0, 1, 0, 1], [0, 0, 0, 1]]
Kirichenko
x1*x2*x3*x4+x1*~x2*x3*~x4+x1*x2*~x3+~x1*~x2*x4+~x1*x3*x4+x1*x3+~x2*x4+x4
Performed
x1*~x2*~x3*x4+x1*x2*x3*~x4+x1*x2*~x3+~x1*x3*x4+x4
2
0
1
Input vector
0100001010000111
Coverage
[[1, 1, 1, 1], [1, 1, 0, 1], [1, 0, 1, 1], [0, 1, 1, 1], [1, 0, 1, 0], [0, 1, 0, 1], [1, 0, 0, 0]]
Kirichenko
x1*x2*x3*x4+~x1*~x2*x3*~x4+x1*x2*~x4+x1*x3*~x4+x2*x3*x4+~x1*x3+~x2*x4+x1
Performed
~x1*~x2*x3*x4+~x1*x2*x3*~x4+x1*x2*~x4+x1*x3*~x4+~x2*x4+x1
1
0
1
Input vector
0010001001101100
Coverage
[[1, 1, 1, 1], [1, 1, 1, 0], [1, 1, 0, 1], [0, 1, 1, 1], [1, 0, 1, 0], [0, 1, 0, 1], [0, 0, 1, 0]]
Kirichenko
x1*x2*x3*x4+~x1*~x2*x3*~x4+~x1*x2*~x3+~x1*~x2*x4+x2*x3*x4+~x1*x3+~x2*~x4+~x3
Performed
~x1*~x2*~x3*x4+~x1*x2*x3*~x4+~x1*x2*~x3+~x2*~x4+~x3
2
0
1
Input vector
0101011000010010
Coverage
[[1, 1, 1, 1], [1, 1, 1, 0], [1, 1, 0, 1], [1, 0, 1, 1], [1, 1, 0, 0], [0, 0, 1, 1], [0, 0, 1, 0]]
Kirichenko
x1*x2*x3*x4+x1*x2*~x3*~x4+~x1*x2*x3+x1*~x2*x4+~x1*x3*x4+x1*x2+~x3*~x4+~x3
Performed
x1*x2*~x3*x4+x1*x2*x3*~x4+~x1*x2*x3+x1*~x2*x4+~x1*x3*x4+~x3*x4
1
0
1
Input vector
0101011000010010
Coverage
[[1, 1, 1, 1], [1, 1, 1, 0], [1, 1, 0, 1], [1, 0, 1, 1], [1, 1, 0, 0], [0, 0, 1, 1], [0, 0, 0, 1]]
Kirichenko
x1*x2*x3*x4+x1*x2*~x3*~x4+~x1*x2*x3+x1*~x2*x4+~x1*x3*x4+x1*x2+x3*x4+x4
Performed
x1*x2*~x3*x4+x1*x2*x3*~x4+~x1*x2*x3+x1*~x2*x4+x1*x3*x4+x4
1
0
1
