End of iter 0
9
15
7
8
9
10
7
11
8
8
8
8
8
8
9
9
11
9
7
10
8
9
8
9
8
8
8
8
12
End of iter 1
9
15
7
7
8
7
8
7
8
8
8
8
9
11
9
7
7
8
9
8
9
8
8
8
8
12
9
8
9
7
10
7
8
10
8
9
End of iter 2
8
15
7
7
7
7
8
7
8
8
8
7
7
7
8
9
8
9
8
8
8
7
9
8
9
7
8
8
8
8
14
8
9
9
10
8
14
9
7
8
7
8
12
9
End of iter 3
8
15
7
7
7
7
8
7
8
8
8
7
8
7
8
9
8
8
8
8
8
7
8
8
9
7
7
8
9
7
7
8
9
7
8
7
8
12
8
8
10
9
10
10
13
7
11
8
End of iter 4
8
15
7
7
7
7
8
7
8
8
8
7
8
7
8
9
8
8
8
8
8
7
8
8
9
7
7
8
9
7
8
9
7
7
7
11
8
8
10
9
9
8
11
8
8
13
9
8
8
9
8
10
7
10
8
End of iter 5
7
15
7
7
7
7
8
7
8
8
7
7
8
7
7
9
8
8
8
8
8
7
8
8
9
7
7
8
8
7
8
9
7
7
7
7
7
8
9
9
11
8
13
8
8
8
8
10
9
8
8
9
8
8
7
7
8
8
10
10
8
8
8
10
7
8
9
End of iter 6
7
7
7
7
7
8
7
8
8
7
7
8
7
7
9
8
8
8
8
8
7
8
8
9
7
7
8
8
7
8
8
7
7
7
7
8
9
10
13
7
8
8
8
10
9
8
8
9
8
7
7
8
8
10
8
8
8
8
10
7
8
9
10
10
9
9
8
8
11
9
9
9
8
8
10
8
13
End of iter 7
7
7
7
7
7
8
7
8
7
7
8
7
7
9
8
8
8
8
7
8
8
9
7
7
8
8
7
7
7
7
7
8
8
13
8
8
7
9
8
7
9
8
7
8
8
8
7
8
7
7
8
9
10
9
9
8
8
11
8
9
8
8
7
8
9
9
9
9
7
7
9
9
7
9
8
7
7
9
9
End of iter 8
7
7
7
7
7
8
7
7
7
8
7
7
9
8
8
7
8
7
7
8
9
7
7
8
8
7
8
7
7
8
8
8
7
7
7
9
8
7
8
8
8
7
8
9
7
8
8
8
11
8
8
8
9
8
9
7
7
8
8
7
8
9
8
8
10
9
7
8
9
8
9
8
7
10
8
8
9
8
8
End of iter 9
7
7
7
7
7
7
7
7
8
7
7
9
8
8
7
7
7
7
8
7
7
8
8
7
8
7
7
8
8
7
7
9
7
8
8
7
8
8
8
8
8
8
8
9
8
8
7
7
8
7
9
8
8
10
8
8
9
7
9
8
10
7
6
8
8
9
8
8
9
8
7
8
